4294967279,56
4294967278,370
4294967278,195
4294967279,196
4294967278,357
4294967279,568
4294967278,193
4294967279,194
4294967279,53
4294967279,52
4294967278,317
4294967279,192
4294967278,190
4294967279,50
4294967279,49
4294967279,47
4294967279,46
4294967279,44
4294967279,43
4294967279,42
4294967279,41
4294967279,39
4294967279,37
4294967279,36
4294967279,32
4294967279,31
4294967279,30
4294967279,29
4294967279,27
4294967279,26
4294967279,25
4294967294,1081
4294967279,534
4294967294,89
4294967278,354
4294967278,187
4294967278,314
4294967279,565
4294967278,186
4294967278,185
4294967278,383
4294967279,567
4294967279,538
4294967279,0
4294967278,184
4294967278,182
4294967278,179
111,6
4294967278,181
111,5
4294967279,182
111,4
4294967278,180
111,3
111,2
111,1
4294967278,351
4294967278,312
4294967278,311
4294967279,303
4294967278,350
4294967294,439
4294967294,392
4294967294,46
4294967294,120
4294967294,114
4294967294,424
4294967294,115
4294967279,176
4294967279,300
110,5
110,4
110,2
110,1
4294967279,168
109,4
109,2
109,1
4294967279,291
4294967279,21
4294967279,20
4294967278,382
4294967278,346
4294967278,0
4294967279,566
4294967279,19
4294967279,17
4294967294,81
4294967294,50
4294967279,156
4294967279,288
108,6
4294967279,150
108,5
108,4
108,3
108,2
108,1
4294967279,14
4294967279,13
4294967279,12
4294967279,11
4294967279,10
4294967294,202
4294967294,1032
4294967294,1080
4294967294,29
4294967294,1034
4294967294,186
4294967294,22
4294967294,38
4294967294,36
4294967294,41
4294967294,39
4294967294,43
4294967294,393
4294967294,1415
4294967294,1049
4294967294,1082
4294967294,91
4294967294,90
4294967294,87
4294967294,86
4294967294,1051
4294967294,51
4294967294,53
4294967294,416
4294967294,40
4294967294,37
4294967294,17
4294967294,99
4294967294,76
4294967294,82
4294967294,1414
4294967294,11
4294967294,205
4294967294,107
4294967294,67
4294967294,470
4294967294,0
4294967294,2
4294967294,84
4294967294,94
4294967294,93
4294967294,96
4294967294,95
107,4
107,3
107,2
107,1
4294967294,9
4294967294,8
0,7
4294967294,45
4294967294,44
4294967294,1416
4294967294,52
4294967294,1079
4294967294,1
4294967294,414
4294967294,28
4294967294,1050
4294967294,27
4294967294,473
4294967294,92
4294967294,88
4294967294,85
4294967279,142
4294967294,42
4294967294,7
4294967294,6
4294967294,5
0,5
4294967278,132
4294967278,131
4294967278,130
4294967278,129
4294967278,128
4294967278,127
4294967278,126
4294967278,125
4294967278,124
4294967278,123
4294967278,122
4294967278,121
4294967278,120
4294967278,119
4294967278,118
4294967278,117
4294967278,116
4294967278,115
4294967278,114
4294967278,113
4294967278,112
4294967278,111
4294967278,110
4294967278,109
4294967278,108
4294967278,107
4294967278,106
4294967278,105
4294967278,104
4294967278,103
4294967278,102
4294967278,101
4294967278,100
4294967278,99
4294967278,98
4294967278,97
4294967278,96
4294967278,95
4294967278,94
4294967278,93
4294967278,92
4294967278,91
4294967278,90
4294967278,89
4294967278,87
4294967278,86
4294967278,85
4294967278,84
4294967278,83
4294967278,82
4294967278,81
4294967278,80
4294967278,79
4294967278,78
4294967278,77
4294967278,76
4294967278,75
4294967278,74
4294967278,73
4294967278,72
4294967278,71
4294967278,70
4294967278,69
4294967278,68
4294967278,67
4294967278,66
4294967278,65
4294967278,64
4294967278,63
4294967278,62
4294967279,83
4294967279,80
4294967279,77
4294967279,72
4294967279,69
4294967279,68
4294967279,66
4294967279,64
4294967279,61
4294967279,58
4294967279,57
4294967279,55
4294967279,54
4294967279,51
4294967279,48
4294967279,45
4294967279,40
4294967279,38
4294967279,35
4294967279,34
4294967279,33
4294967279,28
4294967279,24
4294967279,271
4294967279,23
4294967279,22
4294967279,18
4294967279,16
4294967279,15
4294967279,9
4294967279,8
4294967279,7
4294967279,6
4294967279,5
4294967279,4
4294967294,472
4294967294,12
4294967294,68
4294967294,104
4294967294,106
4294967294,166
4294967294,24
4294967294,25
4294967294,26
4294967294,162
4294967294,83
106,5
106,4
106,2
106,1
105,4
105,2
105,1
104,4
104,3
104,2
104,1
4294967294,471
4294967278,381
4294967293,131
4294967293,130
4294967293,129
4294967293,128
